0
0.003662109375
0.0107421875
0.021728515625
0.03515625
0.048583984375
0.064208984375
0.078369140625
0.08544921875
0.094970703125
0.1083984375
0.115478515625
0.12890625
0.135986328125
0.1494140625
0.156494140625
0.169921875
0.183349609375
0.19287109375
0.206298828125
0.2197265625
0.233154296875
0.24658203125
0.260009765625
0.2734375
0.286865234375
0.30029296875
0.307373046875
0.314453125
0.326171875
0.339599609375
0.351318359375
0.36474609375
0.382080078125
0.3955078125
0.408935546875
0.42236328125
0.435791015625
0.44921875
0.462646484375
0.47607421875
0.489501953125
0.49658203125
0.510009765625
0.5234375
0.536865234375
0.5517578125
0.565185546875
0.57861328125
0.592041015625
0.60546875
0.618896484375
0.63232421875
0.645751953125
0.6591796875
0.672607421875
0.6875
0.700927734375
0.71435546875
0.727783203125
0.7373046875
0.750732421875
0.76025390625
0.770263671875
0.78369140625
0.7919921875
0.805419921875
0.81884765625
0.832275390625
0.845703125
0.859130859375
0.87255859375
0.885986328125
0.8994140625
0.906494140625
0.919921875
0.933349609375
0.94677734375
0.961669921875
0.97509765625
0.988525390625
1.001953125
1.015380859375
1.02880859375
1.042236328125
1.0556640625
1.069091796875
1.08251953125
1.097412109375
1.11083984375
1.124267578125
1.1376953125
1.14794921875
1.155029296875
1.165283203125
